max_concurrent_allocations: 319
nb_of_delayed_requests: 246
nb_of_registrations: 1
nb_of_requests: 34331
nb_of_scheduler_fallbacks: 3394
nb_of_split_requests: 591
nodes:
- disks:
  - capacity: 8000
    id: 0
    last_alloc_time: 1609446938
    max_alloc: 319
    max_cap_utilisation: 100.0
    mean_capacity_utilisation: 3.856
    mean_nb_alloc: 5.284
  id: S-878338:0
  last_alloc_ts: 1609446938
  mean_nb_alloc: 5.284
retries_allowed: 'yes'
sim_duration: 31515560
sim_first_ts: 1577931378
sim_last_ts: 1609446938
split_threshold_gb: 100
tt_allocated_gb: 831210.9715200178
tt_deallocated_gb: 831210.9715200178
tt_delay_time_minutes: 20232000.0
