max_concurrent_allocations: 11
nb_of_delayed_requests: 8
nb_of_registrations: 1
nb_of_requests: 565
nb_of_scheduler_failures: 1
nodes:
- disks:
  - capacity: 8000
    id: 0
    last_alloc_time: 1584691059
    max_alloc: 11
    max_cap_utilisation: 100.0
    mean_capacity_utilisation: 4.18
    mean_nb_alloc: 0.706
  id: S-501003:0
  last_alloc_ts: 1584691059
  mean_nb_alloc: 0.706
sim_duration: 6759681
sim_first_ts: 1577931378
sim_last_ts: 1584691059
tt_gb_allocated: 183314.53714593587
tt_gb_deallocated: 183314.53714593587
tt_waiting_time_minutes: 918000.0
