max_concurrent_allocations: 183
nb_of_delayed_requests: 0
nb_of_registrations: 1
nb_of_requests: 24255
nb_of_scheduler_failures: 263
nodes:
- disks:
  - capacity: 8000
    id: 0
    last_alloc_time: 1609446938
    max_alloc: 183
    max_cap_utilisation: 100.0
    mean_capacity_utilisation: 5.4
    mean_nb_alloc: 3.065
  id: S-41f21d:0
  last_alloc_ts: 1609446938
  mean_nb_alloc: 3.065
sim_duration: 31515560
sim_first_ts: 1577931378
sim_last_ts: 1609446938
tt_gb_allocated: 1164726.418728558
tt_gb_deallocated: 1164726.418728558
tt_waiting_time_minutes: 0
