max_concurrent_allocations: 25
nb_of_delayed_requests: 7
nb_of_registrations: 1
nb_of_requests: 1385
nb_of_scheduler_failures: 2
nodes:
- disks:
  - capacity: 16000
    id: 0
    last_alloc_time: 1599854440
    max_alloc: 25
    max_cap_utilisation: 99.719
    mean_capacity_utilisation: 2.575
    mean_nb_alloc: 0.808
  id: S-d9716b:0
  last_alloc_ts: 1599854440
  mean_nb_alloc: 0.808
sim_duration: 21923062
sim_first_ts: 1577931378
sim_last_ts: 1599854440
tt_gb_allocated: 505389.581091162
tt_gb_deallocated: 505389.58109116205
tt_waiting_time_minutes: 720000.0
