max_concurrent_allocations: 183
nb_of_delayed_requests: 0
nb_of_registrations: 1
nb_of_requests: 24255
nb_of_scheduler_failures: 38
nodes:
- disks:
  - capacity: 16000
    id: 0
    last_alloc_time: 1609446938
    max_alloc: 183
    max_cap_utilisation: 99.61
    mean_capacity_utilisation: 2.734
    mean_nb_alloc: 3.059
  id: S-914c03:0
  last_alloc_ts: 1609446938
  mean_nb_alloc: 3.059
sim_duration: 31515560
sim_first_ts: 1577931378
sim_last_ts: 1609446938
tt_gb_allocated: 1128643.2292708142
tt_gb_deallocated: 1128643.2292708142
tt_waiting_time_minutes: 0
