max_concurrent_allocations: 319
nb_of_delayed_requests: 247
nb_of_registrations: 1
nb_of_requests: 34331
nb_of_scheduler_fallbacks: 3363
nb_of_split_requests: 605
nodes:
- disks:
  - capacity: 8000
    id: 0
    last_alloc_time: 1609446938
    max_alloc: 319
    max_cap_utilisation: 99.988
    mean_capacity_utilisation: 3.843
    mean_nb_alloc: 5.295
  id: S-1421a2:0
  last_alloc_ts: 1609446938
  mean_nb_alloc: 5.295
retries_allowed: 'yes'
sim_duration: 31515560
sim_first_ts: 1577931378
sim_last_ts: 1609446938
split_threshold_gb: 100
tt_allocated_gb: 831613.1654793088
tt_deallocated_gb: 831613.1654793088
tt_delay_time_minutes: 20394000.0
