max_concurrent_allocations: 30
nb_of_delayed_requests: 0
nb_of_registrations: 1
nb_of_requests: 294
nb_of_scheduler_failures: 0
nodes:
- disks:
  - capacity: 64000
    id: 0
    last_alloc_time: 1604106131
    max_alloc: 30
    max_cap_utilisation: 45.588
    mean_capacity_utilisation: 0.863
    mean_nb_alloc: 1.231
  id: S-e31f23:0
  last_alloc_ts: 1604106131
  mean_nb_alloc: 1.231
sim_duration: 2557588
sim_first_ts: 1601548543
sim_last_ts: 1604106131
tt_gb_allocated: 177263.46125040096
tt_gb_deallocated: 177263.46125040093
tt_waiting_time_minutes: 0
